909
100 94 56 90 16 44 49 10 95 23 33 60 11 21 9 86 97 83 3 42 68 91 76 15 47 38 71 80 96 87 39 92 5 98 4 14 84 62 46 43 75 66 61 22 18 13 88 37 67 93 30 72 65 89 41 74 85 1 58 73 34 31 82 59 53 12 2 20 69 19 78 26 52 32 7 70 40 45 29 6 24 25 48 77 79 35 63 81 55 27 36 57 17 99 54 28 8 51 50 64
972
7 91 80 24 49 68 11 61 25 29 4 13 65 76 56 3 66 35 47 51 75 100 44 26 43 31 84 88 40 93 8 34 82 28 32 64 78 53 71 58 20 85 97 41 48 37 90 67 60 72 5 16 36 22 59 81 89 69 57 21 12 50 30 79 77 86 2 17 42 94 54 87 38 1 95 83 74 18 70 23 9 52 27 73 19 99 92 63 14 96 55 46 15 39 6 62 98 45 10 33
974
43 7 24 44 34 29 13 65 50 71 74 23 19 30 69 96 26 3 59 21 77 2 41 68 60 33 51 37 18 70 10 63 66 39 15 67 98 38 20 54 52 93 11 73 56 42 55 36 100 4 27 86 49 53 83 46 88 76 85 94 97 78 84 58 61 90 57 87 25 32 40 81 35 17 6 99 48 16 1 47 75 45 79 95 72 91 82 80 5 14 31 62 22 12 8 9 64 92 89 28
938
72 94 75 95 60 2 99 43 27 18 4 67 77 85 30 7 24 51 5 63 92 17 91 21 86 40 55 78 49 57 66 84 44 46 88 79 10 61 47 12 20 89 98 45 48 100 32 83 1 6 31 16 52 71 80 96 81 69 76 11 70 64 34 82 28 59 56 19 58 37 93 22 39 53 68 13 90 74 65 38 3 25 26 87 42 35 97 73 36 33 23 9 14 50 41 8 29 15 62 54
1018
5 56 44 31 29 12 92 2 49 33 68 48 14 66 37 98 83 38 53 86 79 7 60 51 18 52 55 43 87 30 65 47 81 41 28 91 23 74 32 94 62 93 88 22 70 96 100 39 99 73 63 46 21 8 16 57 26 85 1 95 78 3 76 58 75 72 34 27 80 69 97 25 84 15 82 50 36 19 9 17 61 13 90 59 24 54 6 45 11 67 89 64 71 4 77 40 42 10 20 35
948
59 46 68 94 61 55 40 52 93 78 92 47 20 66 21 85 6 37 42 9 45 33 76 70 95 87 67 69 39 83 65 31 4 86 14 26 97 53 1 30 58 10 82 79 41 36 19 72 18 16 62 74 96 75 3 43 77 50 88 5 8 25 32 44 15 27 81 54 100 73 56 49 22 63 11 12 60 98 35 29 57 13 51 84 71 90 23 34 64 2 7 17 80 24 48 99 28 91 89 38
987
21 2 10 12 96 4 41 7 5 38 51 1 32 42 72 68 60 14 90 74 50 82 76 77 94 25 24 86 93 87 71 59 30 98 11 6 18 91 16 35 63 83 66 17 89 22 3 88 52 20 44 15 8 26 80 54 81 13 57 73 27 58 79 48 55 49 39 75 36 43 95 84 97 100 34 85 28 64 99 29 46 78 31 33 56 23 19 67 47 92 69 53 40 70 62 45 65 9 61 37
989
28 56 99 14 35 54 27 10 44 88 34 23 51 66 89 65 40 15 96 67 69 29 98 85 64 59 73 78 43 84 19 16 3 8 39 63 81 70 36 62 24 46 53 49 90 61 72 79 13 100 2 17 42 26 60 4 86 77 91 22 76 92 74 31 21 37 95 25 68 18 30 48 1 32 12 83 80 93 55 52 6 41 47 20 87 57 50 45 33 82 9 94 38 58 97 71 7 5 11 75
